    21/249     2.81G   0.05054   0.03217         0    0.0208    0.1035        13       800   0.03495    0.7495    0.5375       0.2   0.04906   0.03047         0
    22/249     5.01G   0.05084   0.03253         0   0.02064     0.104       143       800   0.03631    0.7626    0.5526    0.2095   0.04838   0.03011         0
    23/249     11.5G   0.05079   0.03267         0   0.02056     0.104         6       800   0.03309    0.7595    0.5522    0.2099   0.04797   0.03031         0
    24/249     18.1G   0.05018   0.03161         0   0.02027     0.102         9       800   0.03254    0.7725     0.565    0.2174   0.04791   0.03044         0
    25/249     13.2G   0.05044   0.03267         0   0.02019    0.1033        22       800   0.03701    0.7658    0.5581    0.2092   0.04823   0.03009         0
    26/249     13.2G   0.05008   0.03249         0   0.02014    0.1027         6       800   0.03756    0.7618    0.5564    0.2102   0.04808   0.02996         0
    27/249     13.2G   0.04986   0.03171         0   0.02009    0.1017         9       800   0.03733    0.7633    0.5588    0.2106   0.04779   0.03005         0
    28/249     13.2G   0.04972   0.03269         0    0.0197    0.1021        71       800   0.03822    0.7648    0.5673    0.2147   0.04764   0.02994         0
    29/249     13.2G   0.05015   0.03225         0   0.01967    0.1021        19       800   0.03819    0.7625    0.5609    0.2124   0.04756   0.02995         0
    30/249     13.2G   0.04947   0.03196         0   0.01949    0.1009        19       800   0.03997    0.7698    0.5691    0.2159   0.04736   0.02997         0
    31/249     13.2G   0.04969   0.03156         0    0.0195    0.1007        43       800   0.03834    0.7687    0.5665    0.2139   0.04738   0.02997         0
    32/249     13.2G   0.04892   0.03137         0    0.0193   0.09958         7       800   0.04033    0.7696    0.5689    0.2162   0.04716   0.02988         0
    33/249     13.2G    0.0491   0.03208         0   0.01899    0.1002        31       800   0.04129    0.7718    0.5723    0.2156   0.04714   0.02978         0
    34/249     13.2G   0.04894   0.03131         0   0.01911   0.09936        15       800   0.04158    0.7725    0.5721    0.2165   0.04693   0.02992         0
    35/249     13.2G   0.04859   0.03127         0     0.019   0.09886       105       800   0.04136    0.7667    0.5672    0.2131   0.04723   0.02976         0
    36/249     13.2G   0.04891   0.03205         0   0.01882   0.09978       470       800   0.04231    0.7715    0.5747    0.2184   0.04692   0.02971         0
    37/249     13.2G   0.04875   0.03158         0    0.0188   0.09913        19       800    0.0417    0.7712     0.574    0.2175   0.04687   0.02967         0
    38/249     13.2G   0.04857   0.03108         0   0.01888   0.09853        16       800   0.04234    0.7679    0.5686    0.2149   0.04685   0.02974         0
    39/249     13.2G     0.049   0.03211         0   0.01863   0.09973        33       800   0.04259    0.7761    0.5801    0.2204    0.0467   0.02963         0
    40/249     13.2G   0.04809   0.03078         0   0.01862   0.09749         3       800    0.0438    0.7727    0.5781    0.2188   0.04675   0.02957         0
    41/249     13.2G   0.04854   0.03128         0   0.01864   0.09846         5       800   0.04333    0.7746    0.5799    0.2207   0.04675   0.02958         0
    42/249     13.2G   0.04829   0.03117         0   0.01844    0.0979        68       800   0.04389    0.7722    0.5796    0.2202   0.04665   0.02955         0
    43/249     13.2G   0.04838   0.03137         0   0.01859   0.09833        45       800   0.04469    0.7769    0.5839    0.2225    0.0464   0.02953         0
    44/249     13.2G   0.04866   0.03204         0   0.01848   0.09918         6       800   0.04494    0.7746     0.582    0.2217   0.04658   0.02948         0
    45/249     13.2G   0.04843   0.03032         0   0.01832   0.09707         6       800   0.04435    0.7759    0.5806    0.2217   0.04637   0.02953         0
    46/249     13.2G   0.04813   0.03066         0   0.01839   0.09718        87       800     0.045    0.7763    0.5819    0.2213   0.04645    0.0295         0
    47/249     13.2G   0.04835   0.03038         0   0.01828   0.09701        22       800   0.04518    0.7773    0.5827    0.2212   0.04636   0.02951         0
    48/249     13.2G    0.0485   0.03163         0   0.01822   0.09835        12       800   0.04505    0.7764    0.5848    0.2223   0.04628   0.02943         0
    49/249     13.2G   0.04798   0.03106         0   0.01805   0.09709        13       800   0.04642    0.7771    0.5863    0.2225   0.04621   0.02944         0
    50/249     13.2G   0.04751   0.03014         0   0.01803   0.09567        27       800   0.04623    0.7796    0.5898    0.2247   0.04612   0.02941         0
    51/249     13.2G   0.04851   0.03138         0    0.0181     0.098        24       800   0.04496     0.776    0.5836    0.2232   0.04616   0.02945         0
    52/249     13.2G   0.04799    0.0314         0   0.01803   0.09741        17       800   0.04578     0.777    0.5853    0.2233   0.04609   0.02943         0
    53/249     13.2G   0.04768   0.03144         0   0.01794   0.09706         6       800   0.04569      0.78    0.5858    0.2231   0.04604   0.02948         0
    54/249     13.2G   0.04783   0.03107         0   0.01783   0.09672        43       800   0.04551    0.7798    0.5866     0.224   0.04602   0.02946         0
    55/249     13.2G   0.04728   0.03041         0   0.01769   0.09538        36       800   0.04683    0.7807    0.5879    0.2242   0.04597   0.02943         0
    56/249     13.2G    0.0478   0.03135         0   0.01761   0.09676        53       800   0.04693    0.7826    0.5909    0.2254   0.04596   0.02941         0
    57/249     13.2G   0.04751   0.03137         0   0.01763   0.09652        38       800   0.04697     0.781    0.5906    0.2254   0.04596   0.02939         0
    58/249     13.2G   0.04798   0.03104         0   0.01771   0.09674        24       800   0.04727    0.7799      0.59    0.2256    0.0459   0.02936         0
    59/249     13.2G   0.04736   0.03066         0   0.01743   0.09545        63       800   0.04748    0.7807    0.5914    0.2271   0.04582   0.02933         0
    60/249     13.2G   0.04744   0.03019         0   0.01771   0.09534        35       800   0.04802    0.7819    0.5934    0.2273   0.04582   0.02932         0
    61/249     13.2G   0.04724   0.03098         0   0.01744   0.09566        26       800   0.04788    0.7821    0.5931     0.227   0.04583   0.02933         0
    62/249     13.2G   0.04728   0.03066         0   0.01749   0.09543        33       800   0.04793    0.7821    0.5933    0.2271    0.0458   0.02933         0
    63/249     13.2G   0.04721   0.03085         0   0.01741   0.09546        84       800   0.04783    0.7821    0.5931    0.2274   0.04574   0.02934         0
    64/249     13.2G   0.04706   0.03092         0   0.01744   0.09542        11       800   0.04798    0.7825    0.5941    0.2273   0.04572   0.02932         0
    65/249     13.2G   0.04689   0.03049         0   0.01726   0.09464        73       800   0.04825     0.783    0.5937    0.2276   0.04568   0.02931         0
    66/249     13.2G   0.04734   0.03054         0   0.01728   0.09516         2       800    0.0486    0.7825    0.5945    0.2277   0.04569    0.0293         0
    67/249     13.2G   0.04691   0.02996         0   0.01728   0.09415         4       800   0.04898    0.7839    0.5955    0.2283   0.04565   0.02929         0
    68/249     13.2G   0.04691   0.03023         0   0.01723   0.09437        48       800   0.04916    0.7849    0.5962    0.2283   0.04565    0.0293         0
    69/249     13.2G   0.04744   0.03128         0   0.01723   0.09595        28       800   0.04916    0.7849    0.5959    0.2283   0.04562   0.02929         0
    70/249     13.2G   0.04677   0.03021         0   0.01707   0.09404        26       800   0.04942    0.7848    0.5959    0.2286   0.04558   0.02927         0
    71/249     13.2G   0.04679    0.0308         0   0.01706   0.09466        37       800    0.0495    0.7848    0.5965    0.2289   0.04557   0.02925         0
    72/249     13.2G   0.04698   0.03027         0   0.01702   0.09427         8       800   0.04972    0.7845    0.5964    0.2286   0.04554   0.02925         0
    73/249     13.2G   0.04663   0.03033         0   0.01701   0.09397        30       800   0.04978    0.7837    0.5964    0.2288   0.04554   0.02924         0
    74/249     13.2G   0.04686    0.0305         0   0.01701   0.09437       265       800   0.04983    0.7839    0.5966    0.2285   0.04554   0.02924         0
    75/249     13.2G   0.04723   0.03044         0   0.01702   0.09468        17       800   0.04995    0.7843    0.5967    0.2285   0.04554   0.02924         0
    76/249     13.2G   0.04702   0.03136         0   0.01681   0.09518         7       800   0.04998     0.785    0.5975    0.2288   0.04553   0.02924         0
    77/249     13.2G   0.04688   0.03067         0   0.01692   0.09447        14       800   0.05008     0.785    0.5971    0.2286   0.04553   0.02924         0
    78/249     13.2G   0.04641   0.03013         0   0.01686    0.0934         3       800   0.05018     0.785     0.597    0.2286   0.04552   0.02924         0
    79/249     13.2G   0.04698   0.03116         0   0.01686     0.095        29       800   0.05006    0.7864    0.5977    0.2288    0.0455   0.02926         0
    80/249     13.2G   0.04684   0.03033         0   0.01683   0.09399         6       800   0.04992    0.7859    0.5972    0.2286    0.0455   0.02927         0
    81/249     13.2G   0.04638    0.0301         0   0.01682    0.0933        20       800   0.05003    0.7859    0.5972    0.2289    0.0455   0.02926         0
    82/249     13.2G   0.04707   0.03111         0   0.01681   0.09498        15       800   0.05018    0.7854    0.5969     0.229    0.0455   0.02926         0
    83/249     13.2G    0.0467    0.0305         0   0.01672   0.09392         9       800    0.0503    0.7855    0.5974    0.2293    0.0455   0.02925         0
    84/249     13.2G   0.04629    0.0306         0   0.01678   0.09367        33       800   0.05032    0.7864    0.5976    0.2294   0.04548   0.02926         0
    85/249     13.2G   0.04671   0.03041         0   0.01664   0.09376        17       800   0.05037    0.7861    0.5977    0.2296   0.04548   0.02925         0
    86/249     13.2G   0.04631   0.03001         0   0.01674   0.09306        14       800   0.05045    0.7863    0.5983    0.2296   0.04549   0.02925         0
    87/249     13.2G    0.0464   0.03026         0   0.01656   0.09322        27       800    0.0505    0.7862    0.5981    0.2297   0.04548   0.02924         0
    88/249     13.2G   0.04692   0.03063         0   0.01658   0.09413        23       800   0.05061     0.786    0.5985    0.2299   0.04546   0.02923         0
    89/249     13.2G   0.04628   0.03029         0    0.0165   0.09307        19       800   0.05069    0.7864    0.5988    0.2299   0.04545   0.02923         0
    90/249     13.2G   0.04589   0.02982         0   0.01658   0.09229         7       800   0.05074    0.7864    0.5987    0.2298   0.04544   0.02922         0
    91/249     13.2G   0.04601   0.02995         0   0.01641   0.09237        51       800   0.05081    0.7867    0.5987    0.2297   0.04545   0.02922         0
    92/249     13.2G   0.04616   0.03005         0   0.01661   0.09282        31       800   0.05082    0.7865    0.5986    0.2297   0.04544   0.02921         0
    93/249     13.2G   0.04663   0.03033         0   0.01642   0.09337        33       800   0.05083    0.7861    0.5987    0.2298   0.04544   0.02921         0
    94/249     13.2G   0.04656   0.02992         0   0.01633   0.09281         8       800   0.05094    0.7867     0.599    0.2299   0.04544    0.0292         0
    95/249     13.2G   0.04623   0.02974         0   0.01634    0.0923         8       800   0.05103    0.7865     0.599    0.2301   0.04543   0.02919         0
    96/249     13.2G   0.04643   0.03047         0   0.01632   0.09323        71       800   0.05115    0.7863    0.5992    0.2301   0.04542   0.02918         0
    97/249     13.2G   0.04675   0.03094         0   0.01623   0.09392        23       800   0.05125     0.786     0.599    0.2302   0.04541   0.02917         0
    98/249     13.2G   0.04619   0.02963         0   0.01628    0.0921        53       800   0.05119    0.7865    0.5996    0.2305    0.0454   0.02916         0
    99/249     13.2G   0.04622   0.03003         0   0.01619   0.09244         2       800   0.05133    0.7867    0.6001    0.2306   0.04539   0.02916         0
   100/249     13.2G   0.04608   0.02992         0   0.01617   0.09217        14       800   0.05142    0.7865    0.5999    0.2305   0.04539   0.02915         0
   101/249     13.2G   0.04654   0.03024         0   0.01617   0.09295       133       800   0.05147    0.7864       0.6    0.2306   0.04539   0.02914         0
   102/249     13.2G   0.04621   0.03041         0   0.01605   0.09267        34       800   0.05156    0.7865    0.6002    0.2307   0.04538   0.02914         0
   103/249     13.2G   0.04598   0.03006         0   0.01616    0.0922        42       800   0.05171    0.7865    0.6001    0.2307   0.04538   0.02913         0
   104/249     13.2G   0.04617   0.03016         0   0.01616   0.09249        23       800   0.05174    0.7863    0.5998    0.2305   0.04538   0.02912         0
   105/249     13.2G   0.04602   0.03057         0   0.01611    0.0927        29       800   0.05183    0.7863    0.6001    0.2306   0.04538   0.02911         0
   106/249     13.2G   0.04626   0.03043         0   0.01602   0.09272         6       800   0.05197    0.7862    0.6002    0.2308   0.04537    0.0291         0
   107/249     13.2G   0.04578   0.03002         0   0.01618   0.09198        24       800   0.05206    0.7861    0.6006     0.231   0.04536    0.0291         0
   108/249     13.2G   0.04604   0.03014         0   0.01595   0.09213         4       800   0.05219    0.7862    0.6005     0.231   0.04536   0.02909         0
   109/249     13.2G   0.04573   0.02994         0   0.01595   0.09161        23       800   0.05229    0.7858    0.6003    0.2311   0.04535   0.02908         0
   110/249     13.2G   0.04532   0.02962         0   0.01571   0.09065         3       800   0.05242    0.7859    0.6009    0.2311   0.04534   0.02908         0
   111/249     13.2G   0.04557   0.02954         0   0.01597   0.09108        52       800   0.05252    0.7861    0.6007    0.2312   0.04533   0.02907         0
   112/249     13.2G   0.04565   0.02972         0   0.01577   0.09115        37       800   0.05253    0.7858    0.6005    0.2311   0.04533   0.02907         0
   113/249     13.2G   0.04553   0.02965         0   0.01582   0.09099        16       800   0.05261    0.7861    0.6005    0.2313   0.04531   0.02906         0
   114/249     13.2G    0.0457   0.02975         0   0.01583   0.09127        14       800   0.05263    0.7859    0.6005    0.2314    0.0453   0.02906         0
   115/249     13.2G   0.04543   0.02994         0    0.0157   0.09106        69       800   0.05275    0.7858    0.6006    0.2316   0.04529   0.02905         0
   116/249     13.2G   0.04561   0.02997         0    0.0157   0.09127         5       800   0.05286    0.7862    0.6012    0.2316   0.04528   0.02905         0
   117/249     13.2G   0.04534   0.02954         0    0.0157   0.09059        32       800   0.05294    0.7861    0.6013    0.2319   0.04527   0.02904         0
   118/249     13.2G   0.04541   0.02931         0   0.01587    0.0906        21       800   0.05307    0.7859    0.6011    0.2319   0.04527   0.02903         0
   119/249     13.2G   0.04538   0.02978         0   0.01571   0.09087         7       800   0.05319    0.7863    0.6017    0.2321   0.04525   0.02902         0
   120/249     13.2G   0.04541   0.02947         0   0.01559   0.09047        37       800   0.05332    0.7863     0.602    0.2324   0.04524     0.029         0
   121/249     13.2G    0.0454   0.02969         0    0.0156   0.09068        11       800   0.05347    0.7862    0.6023    0.2324   0.04523   0.02899         0
   122/249     13.2G    0.0452   0.02924         0    0.0157   0.09014        51       800   0.05359    0.7859    0.6019    0.2325   0.04523   0.02898         0
   123/249     13.2G   0.04496   0.02883         0    0.0157   0.08948        14       800   0.05381    0.7857    0.6022    0.2326   0.04523   0.02897         0
   124/249     13.2G   0.04544   0.02951         0   0.01559   0.09054        20       800   0.05405    0.7861    0.6027    0.2329   0.04522   0.02896         0
   125/249     13.2G   0.04583   0.02983         0   0.01572   0.09137         5       800   0.05416    0.7863    0.6027     0.233   0.04521   0.02895         0
   126/249     13.2G    0.0454   0.02976         0   0.01566   0.09082        15       800   0.05429    0.7862    0.6034    0.2332    0.0452   0.02893         0
   127/249     13.2G   0.04528   0.02973         0   0.01549   0.09051        27       800   0.05447    0.7862    0.6035    0.2334   0.04519   0.02892         0
   128/249     13.2G   0.04541   0.03037         0   0.01553   0.09131        12       800   0.05469    0.7866     0.604    0.2337   0.04518   0.02891         0
   129/249     13.2G   0.04493    0.0296         0   0.01545   0.08998        41       800   0.05474    0.7866    0.6042     0.234   0.04516    0.0289         0
   130/249     13.2G   0.04538   0.03032         0    0.0157   0.09141       311       800    0.0549    0.7869    0.6048    0.2344   0.04515   0.02889         0
   131/249     13.2G   0.04525   0.02999         0   0.01548   0.09072        18       800   0.05504     0.787     0.605    0.2345   0.04513   0.02889         0
   132/249     13.2G   0.04505   0.02948         0   0.01546   0.08999        34       800   0.05524    0.7872    0.6054    0.2348   0.04512   0.02888         0
   133/249     13.2G   0.04534   0.02913         0    0.0155   0.08997        67       800   0.05534    0.7875    0.6058    0.2348   0.04511   0.02887         0
   134/249     13.2G   0.04487   0.02931         0   0.01522    0.0894        17       800    0.0555    0.7873     0.606    0.2349   0.04509   0.02886         0
   135/249     13.2G   0.04523   0.02903         0   0.01545   0.08971        21       800   0.05562    0.7871    0.6063    0.2352   0.04509   0.02885         0
   136/249     13.2G   0.04522    0.0294         0   0.01535   0.08996        39       800    0.0558     0.787    0.6063    0.2352   0.04507   0.02884         0
   137/249     13.2G   0.04495   0.02931         0   0.01531   0.08957        12       800   0.05597    0.7871    0.6069    0.2355   0.04506   0.02883         0
   138/249     13.2G   0.04504   0.02981         0   0.01525   0.09011         5       800   0.05606     0.787    0.6072    0.2356   0.04505   0.02883         0
   139/249     13.2G   0.04542    0.0298         0   0.01528   0.09049         4       800   0.05616    0.7866    0.6069    0.2357   0.04504   0.02882         0
   140/249     13.2G   0.04496   0.02966         0    0.0152   0.08982        18       800   0.05625    0.7867    0.6073    0.2359   0.04503   0.02881         0
   141/249     13.2G   0.04462   0.02985         0   0.01513    0.0896         4       800   0.05637    0.7871    0.6076    0.2361   0.04502    0.0288         0
   142/249     13.2G   0.04508   0.02915         0   0.01527    0.0895         4       800   0.05656     0.787    0.6078    0.2362   0.04501   0.02879         0
   143/249     13.2G   0.04531   0.02972         0   0.01533   0.09036        24       800   0.05674     0.787    0.6084    0.2363     0.045   0.02878         0
   144/249     13.2G   0.04503   0.02893         0   0.01514   0.08909        20       800   0.05698     0.787    0.6087    0.2365   0.04499   0.02877         0
   145/249     13.2G   0.04469   0.02931         0   0.01502   0.08903        42       800   0.05718    0.7874    0.6092    0.2367   0.04498   0.02877         0
   146/249     13.2G   0.04476   0.03003         0   0.01512   0.08992        24       800   0.05736    0.7875    0.6097    0.2368   0.04498   0.02876         0
   147/249     13.2G   0.04481   0.02921         0   0.01508    0.0891        11       800    0.0575    0.7875    0.6098     0.237   0.04497   0.02875         0
   148/249     13.2G   0.04463   0.02985         0   0.01502    0.0895        13       800   0.05772    0.7874    0.6102     0.237   0.04496   0.02874         0
   149/249     13.2G   0.04444    0.0294         0   0.01495   0.08879        17       800   0.05783    0.7874      0.61     0.237   0.04495   0.02874         0
   150/249     13.2G   0.04452   0.02875         0   0.01501   0.08829        20       800   0.05799    0.7871      0.61    0.2371   0.04494   0.02873         0
   151/249     13.2G   0.04448   0.02918         0   0.01509   0.08875        25       800   0.05817     0.787    0.6102    0.2372   0.04493   0.02872         0
   152/249     13.2G   0.04433   0.02898         0   0.01501   0.08832        44       800   0.05829    0.7872    0.6103    0.2373   0.04492   0.02872         0
   153/249     13.2G   0.04455   0.02922         0   0.01487   0.08865        17       800   0.05839    0.7869      0.61    0.2373   0.04492   0.02871         0
   154/249     13.2G   0.04479   0.02911         0   0.01508   0.08898        74       800   0.05855    0.7873    0.6104    0.2374   0.04491   0.02871         0
   155/249     13.2G     0.044   0.02863         0   0.01484   0.08747        24       800   0.05867    0.7873    0.6105    0.2374    0.0449   0.02871         0
   156/249     13.2G   0.04454   0.02933         0   0.01504   0.08891        15       800   0.05881    0.7876     0.611    0.2377   0.04489    0.0287         0
   157/249     13.2G   0.04453   0.02903         0   0.01477   0.08833        51       800   0.05895    0.7876    0.6111    0.2378   0.04488   0.02869         0
   158/249     13.2G   0.04436   0.02879         0   0.01488   0.08802        42       800   0.05909    0.7875    0.6114     0.238   0.04487   0.02869         0
   159/249     13.2G   0.04436   0.02918         0    0.0149   0.08844        75       800   0.05928    0.7876    0.6116     0.238   0.04487   0.02868         0
   160/249     13.2G   0.04409   0.02844         0   0.01486   0.08739        24       800    0.0595    0.7875    0.6117    0.2382   0.04486   0.02867         0
   161/249     13.2G   0.04391    0.0286         0   0.01478   0.08729        35       800   0.05968    0.7875    0.6121    0.2384   0.04486   0.02866         0
   162/249     13.2G   0.04421   0.02895         0   0.01473   0.08789        18       800   0.05979    0.7874     0.612    0.2384   0.04485   0.02866         0
   163/249     13.2G   0.04435   0.02845         0   0.01484   0.08765         9       800    0.0599    0.7875    0.6122    0.2385   0.04484   0.02866         0
   164/249     13.2G   0.04406   0.02895         0   0.01467   0.08768        41       800   0.06002     0.787    0.6123    0.2386   0.04484   0.02865         0
   165/249     13.2G   0.04433    0.0292         0   0.01473   0.08826        22       800   0.06012    0.7871    0.6121    0.2386   0.04483   0.02865         0
   166/249     13.2G    0.0441   0.02894         0   0.01479   0.08783        10       800   0.06035    0.7875    0.6128    0.2391   0.04482   0.02864         0
   167/249     13.2G   0.04389   0.02906         0   0.01465   0.08761        10       800   0.06058    0.7877    0.6132    0.2392   0.04481   0.02863         0
   168/249     13.2G   0.04368   0.02856         0   0.01454   0.08678        20       800   0.06073    0.7874    0.6131    0.2393   0.04481   0.02863         0
   169/249     13.2G    0.0438    0.0292         0    0.0147    0.0877        17       800   0.06077    0.7875    0.6133    0.2395    0.0448   0.02863         0
   170/249     13.2G    0.0438   0.02837         0   0.01457   0.08674         4       800   0.06096    0.7878    0.6136    0.2397   0.04479   0.02862         0
   171/249     13.2G   0.04386   0.02842         0   0.01462    0.0869        55       800   0.06109    0.7877    0.6136    0.2398   0.04479   0.02862         0
   172/249     13.2G   0.04376   0.02951         0   0.01464   0.08791         7       800   0.06122    0.7876    0.6136    0.2398   0.04478   0.02862         0
   173/249     13.2G   0.04364   0.02905         0   0.01448   0.08716        53       800   0.06138    0.7875    0.6136    0.2399   0.04478   0.02861         0
   174/249     13.2G   0.04366   0.02854         0   0.01442   0.08662        34       800   0.06151    0.7872    0.6138      0.24   0.04477    0.0286         0
   175/249     13.2G    0.0432   0.02812         0   0.01451   0.08583        43       800   0.06173    0.7871    0.6138    0.2403   0.04476   0.02859         0
   176/249     13.2G   0.04386   0.02867         0   0.01453   0.08705        32       800   0.06191    0.7875    0.6144    0.2405   0.04476   0.02859         0
   177/249     13.2G   0.04366     0.029         0   0.01453   0.08719        32       800   0.06206    0.7875    0.6145    0.2407   0.04475   0.02858         0
   178/249     13.2G    0.0435   0.02816         0   0.01452   0.08617        26       800   0.06233    0.7879    0.6151    0.2409   0.04474   0.02858         0
   179/249     13.2G   0.04395   0.02897         0   0.01466   0.08758        58       800   0.06246    0.7879    0.6151     0.241   0.04474   0.02857         0
   180/249     13.2G   0.04363   0.02932         0   0.01439   0.08734         8       800   0.06268    0.7878    0.6153    0.2411   0.04474   0.02857         0
   181/249     13.2G   0.04338   0.02905         0   0.01428   0.08671        28       800   0.06286    0.7877    0.6157    0.2412   0.04473   0.02856         0
   182/249     13.2G   0.04315    0.0288         0   0.01439   0.08634         6       800   0.06307    0.7878    0.6161    0.2413   0.04473   0.02856         0
   183/249     13.2G   0.04374   0.02855         0   0.01449   0.08678        31       800   0.06322     0.788     0.616    0.2413   0.04473   0.02856         0
   184/249     13.2G   0.04341   0.02855         0   0.01426   0.08622        12       800   0.06338    0.7878    0.6161    0.2414   0.04472   0.02855         0
   185/249     13.2G   0.04373   0.02876         0   0.01442    0.0869        66       800   0.06363    0.7882    0.6166    0.2415   0.04472   0.02855         0
   186/249     13.2G   0.04393   0.02872         0   0.01445    0.0871         9       800   0.06372    0.7878    0.6164    0.2416   0.04471   0.02855         0
   187/249     13.2G   0.04369   0.02915         0    0.0143   0.08714         3       800   0.06388    0.7881    0.6167    0.2416   0.04471   0.02855         0
   188/249     13.2G   0.04354    0.0284         0    0.0143   0.08625         2       800   0.06407    0.7879    0.6168    0.2418   0.04469   0.02854         0
   189/249     13.2G   0.04399    0.0286         0   0.01443   0.08701        54       800   0.06418    0.7877    0.6169    0.2419   0.04468   0.02853         0
   190/249     13.2G   0.04351   0.02888         0   0.01426   0.08664        17       800   0.06432    0.7875    0.6171    0.2421   0.04467   0.02853         0
   191/249     13.2G   0.04323   0.02875         0   0.01414   0.08612        41       800    0.0645    0.7874    0.6171    0.2422   0.04465   0.02853         0
   192/249     13.2G   0.04318   0.02877         0   0.01425   0.08619        25       800    0.0647    0.7875    0.6175    0.2423   0.04464   0.02852         0
   193/249     13.2G   0.04337   0.02928         0   0.01422   0.08687        22       800   0.06489    0.7877    0.6177    0.2424   0.04463   0.02852         0
   194/249     13.2G   0.04341   0.02847         0   0.01423   0.08611        35       800   0.06504    0.7877    0.6177    0.2425   0.04462   0.02851         0
   195/249     13.2G   0.04336   0.02844         0   0.01408   0.08588         9       800   0.06519    0.7878     0.618    0.2426   0.04461   0.02851         0
   196/249     13.2G   0.04362   0.02867         0   0.01421    0.0865        59       800   0.06534     0.788    0.6183    0.2427    0.0446   0.02851         0
   197/249     13.2G   0.04317   0.02795         0   0.01422   0.08534        22       800   0.06551    0.7882    0.6185    0.2428   0.04459   0.02851         0
   198/249     13.2G   0.04318   0.02849         0   0.01416   0.08583         8       800   0.06568    0.7885    0.6187    0.2428   0.04459   0.02851         0
   199/249     13.2G   0.04343   0.02799         0   0.01424   0.08566        66       800   0.06583    0.7886     0.619     0.243   0.04457    0.0285         0
   200/249     13.2G   0.04271   0.02791         0   0.01401   0.08463        29       800   0.06607    0.7887    0.6193    0.2431   0.04458    0.0285         0
   201/249     13.2G   0.04311     0.029         0   0.01407   0.08619       570       800   0.06615    0.7882    0.6193    0.2433   0.04457    0.0285         0
   202/249     13.2G   0.04311    0.0283         0   0.01408   0.08549         5       800   0.06642    0.7885    0.6196    0.2435   0.04457   0.02849         0
   203/249     13.2G   0.04268   0.02807         0   0.01402   0.08477        29       800   0.06655    0.7886    0.6198    0.2436   0.04456   0.02849         0
   204/249     13.2G   0.04327   0.02823         0   0.01419   0.08569        16       800   0.06676    0.7889    0.6199    0.2436   0.04455   0.02849         0
   205/249     13.2G   0.04291   0.02854         0   0.01401   0.08546        41       800   0.06691    0.7891    0.6203    0.2439   0.04454   0.02849         0
   206/249     13.2G    0.0428   0.02838         0   0.01403   0.08522        17       800   0.06722    0.7889    0.6201     0.244   0.04453   0.02848         0
   207/249     13.2G   0.04281   0.02847         0   0.01392    0.0852        17       800   0.06736    0.7888    0.6203    0.2441   0.04453   0.02848         0
   208/249     13.2G   0.04324   0.02849         0   0.01401   0.08574        58       800   0.06748    0.7889    0.6203    0.2446   0.04452   0.02848         0
   209/249     13.2G   0.04283   0.02798         0   0.01404   0.08485        12       800   0.06769    0.7892    0.6209    0.2449   0.04452   0.02847         0
   210/249     13.2G     0.043   0.02874         0   0.01401   0.08575        49       800   0.06787    0.7895    0.6213     0.245   0.04452   0.02847         0
   211/249     13.2G   0.04256   0.02782         0   0.01398   0.08437        38       800   0.06805    0.7897    0.6216    0.2452   0.04451   0.02847         0
   212/249     13.2G   0.04261   0.02798         0   0.01387   0.08445        26       800   0.06831      0.79    0.6223    0.2454    0.0445   0.02847         0
   213/249     13.2G   0.04254    0.0279         0   0.01397    0.0844        28       800   0.06839    0.7901    0.6223    0.2451   0.04448   0.02847         0
   214/249     13.2G    0.0434   0.02864         0   0.01402   0.08606        26       800   0.06852    0.7903    0.6224    0.2451   0.04447   0.02847         0
   215/249     13.2G   0.04267   0.02781         0   0.01397   0.08445        11       800   0.06872    0.7903    0.6226    0.2452   0.04445   0.02847         0
   216/249     13.2G   0.04279   0.02811         0   0.01394   0.08483         8       800    0.0689    0.7905    0.6229    0.2453   0.04443   0.02847         0
   217/249     13.2G   0.04244   0.02775         0   0.01389   0.08407        28       800   0.06905    0.7907    0.6231    0.2454   0.04441   0.02847         0
   218/249     13.2G   0.04301   0.02829         0     0.014    0.0853        26       800   0.06918    0.7906    0.6233    0.2455   0.04441   0.02846         0
   219/249     13.2G   0.04258   0.02794         0   0.01393   0.08444        26       800   0.06931    0.7908    0.6236    0.2456   0.04439   0.02846         0
   220/249     13.2G   0.04239   0.02829         0   0.01392   0.08459        11       800   0.06949     0.791    0.6237    0.2458   0.04438   0.02846         0
   221/249     13.2G    0.0428   0.02832         0   0.01391   0.08503        38       800   0.06962    0.7906    0.6235    0.2459   0.04436   0.02846         0
   222/249     13.2G   0.04284   0.02822         0   0.01393   0.08498        21       800   0.06981    0.7911     0.624    0.2462   0.04435   0.02846         0
   223/249     13.2G   0.04257   0.02791         0   0.01387   0.08434       115       800   0.07002    0.7911    0.6241    0.2464   0.04432   0.02846         0
   224/249     13.2G   0.04281   0.02821         0   0.01385   0.08487         8       800   0.07032    0.7917    0.6246    0.2466   0.04431   0.02846         0
   225/249     13.2G   0.04287   0.02794         0   0.01389    0.0847         7       800   0.07049    0.7915    0.6248    0.2467    0.0443   0.02846         0
   226/249     13.2G   0.04279   0.02764         0   0.01377   0.08421        49       800   0.07067    0.7915    0.6249    0.2469   0.04428   0.02845         0
   227/249     13.2G   0.04313   0.02797         0   0.01385   0.08496         8       800   0.07084    0.7913    0.6249     0.247   0.04426   0.02845         0
   228/249     13.2G    0.0425   0.02822         0   0.01377   0.08449        15       800     0.071    0.7914     0.625    0.2472   0.04423   0.02845         0
   229/249     13.2G   0.04222   0.02768         0   0.01374   0.08364        46       800   0.07123    0.7912    0.6249    0.2473   0.04422   0.02844         0
   230/249     13.2G   0.04237    0.0284         0   0.01384   0.08461         5       800   0.07142     0.791     0.625    0.2477    0.0442   0.02843         0
   231/249     13.2G   0.04256   0.02836         0   0.01372   0.08464        17       800   0.07162    0.7909    0.6252    0.2476   0.04417   0.02843         0
   232/249     13.2G   0.04232   0.02751         0   0.01377   0.08361        38       800   0.07181    0.7908    0.6253    0.2479   0.04416   0.02843         0
   233/249     13.2G   0.04241    0.0282         0   0.01392   0.08453        23       800   0.07198    0.7905    0.6253    0.2479   0.04415   0.02843         0
   234/249     13.2G   0.04254   0.02777         0   0.01376   0.08407        28       800   0.07219    0.7907    0.6256    0.2479   0.04414   0.02842         0
   235/249     13.2G   0.04188   0.02743         0   0.01369     0.083         4       800   0.07233    0.7904     0.625    0.2479   0.04413   0.02842         0
   236/249     13.2G   0.04275   0.02812         0    0.0138   0.08468        37       800   0.07255    0.7906    0.6255     0.248   0.04412   0.02842         0
   237/249     13.2G   0.04304     0.028         0   0.01385   0.08489        21       800   0.07276    0.7906    0.6257     0.248   0.04411   0.02842         0
   238/249     13.2G   0.04257   0.02743         0   0.01384   0.08384         3       800   0.07286    0.7903    0.6256    0.2482    0.0441   0.02841         0
   239/249     13.2G   0.04224   0.02795         0   0.01383   0.08402        37       800   0.07307    0.7908    0.6258    0.2482    0.0441   0.02841         0
   240/249     13.2G    0.0425   0.02812         0   0.01374   0.08436        39       800   0.07326    0.7904    0.6255    0.2477   0.04409   0.02841         0
   241/249     13.2G   0.04207   0.02819         0    0.0137   0.08396        12       800   0.07343    0.7905     0.626    0.2479   0.04407   0.02841         0
   242/249     13.2G    0.0424   0.02788         0   0.01375   0.08402        31       800   0.07357    0.7908     0.626    0.2479   0.04406   0.02841         0
   243/249     13.2G   0.04207   0.02763         0   0.01369    0.0834       135       800   0.07373    0.7906    0.6264    0.2481   0.04404   0.02841         0
   244/249     13.2G   0.04223   0.02773         0    0.0137   0.08367        24       800   0.07393    0.7908    0.6264    0.2482   0.04403   0.02841         0
   245/249     13.2G   0.04268   0.02778         0   0.01379   0.08426        42       800   0.07416     0.791    0.6267    0.2483   0.04402   0.02841         0
   246/249     13.2G   0.04265   0.02809         0   0.01364   0.08438        36       800   0.07432    0.7909    0.6267    0.2484   0.04401    0.0284         0
   247/249     13.2G   0.04235   0.02768         0   0.01368   0.08371         8       800   0.07448    0.7906    0.6267    0.2489   0.04399    0.0284         0
    21/119     7.71G   0.04635   0.03332         0   0.01703   0.09669        13       512   0.04567    0.7688    0.5751    0.2225   0.04522   0.02947         0
    22/119    0.424G    0.0472   0.03491         0   0.01717   0.09928       143       736    0.0499    0.7825    0.5866    0.2299   0.04504   0.02923         0
    23/119    0.401G   0.04732   0.03572         0   0.01703    0.1001         6       576   0.04721    0.7798    0.5857     0.228   0.04491   0.02926         0
    24/119     21.7G   0.04705   0.03516         0   0.01697   0.09919         9       704   0.04483     0.788    0.5919    0.2297   0.04513   0.02952         0
    25/119     5.76G   0.04691   0.03429         0   0.01692   0.09812        22      1024   0.04869    0.7863    0.5951    0.2298   0.04506   0.02928         0
    26/119     17.1G   0.04663   0.03477         0   0.01697   0.09836         6       480   0.04603    0.7773    0.5849     0.229   0.04474   0.02914         0
    27/119     17.1G   0.04666   0.03476         0   0.01699   0.09842         9       480   0.05174    0.7888    0.5975    0.2322   0.04454   0.02919         0
    28/119     5.57G   0.04691   0.03594         0   0.01703   0.09988        71      1088    0.0467    0.7867    0.5976    0.2331   0.04477   0.02913         0
    29/119     5.85G   0.04716    0.0349         0   0.01683   0.09889        19       608    0.0522    0.7819    0.5909    0.2291   0.04465    0.0292         0
    30/119     5.86G   0.04639   0.03468         0   0.01668   0.09776        19       960   0.05238    0.7852    0.5919    0.2299   0.04449   0.02937         0
    31/119     12.6G   0.04704   0.03474         0   0.01689   0.09867        43       832   0.05374    0.7895    0.6027    0.2342   0.04444   0.02906         0
    32/119     12.6G   0.04609   0.03352         0   0.01676   0.09637         7      1056   0.05164    0.7877    0.6031    0.2375   0.04427   0.02892         0
    33/119     12.6G   0.04626   0.03429         0   0.01649   0.09704        31       992   0.05607    0.7851    0.5985    0.2344   0.04434   0.02907         0
    34/119     12.6G   0.04652   0.03492         0   0.01663   0.09808        15       544   0.05366    0.7871    0.5973    0.2335   0.04415   0.02907         0
    35/119     12.6G     0.046   0.03394         0   0.01659   0.09653       105      1056   0.05306    0.7801    0.5903    0.2299   0.04439   0.02895         0
    36/119     12.6G   0.04663   0.03569         0    0.0165   0.09882       470       960    0.0509    0.7886    0.5968    0.2338   0.04409   0.02912         0
    37/119     5.57G   0.04623    0.0343         0   0.01642   0.09695        19      1184    0.0551     0.782    0.5955    0.2324   0.04429   0.02901         0
    38/119     5.58G   0.04605     0.034         0   0.01652   0.09656        16       928   0.05256    0.7837    0.5947    0.2303   0.04423   0.02909         0
    39/119     20.6G   0.04666   0.03571         0   0.01636   0.09874        33      1056   0.05492    0.7905    0.6041    0.2363   0.04413   0.02897         0
    40/119     20.6G   0.04556   0.03346         0    0.0163   0.09532         3      1024   0.05727    0.7862     0.602    0.2364   0.04399   0.02893         0
    41/119    0.306G     0.046   0.03376         0   0.01639   0.09614         5       672   0.05753    0.7887    0.6037    0.2366   0.04399   0.02897         0
    42/119     22.7G    0.0461   0.03506         0   0.01627   0.09743        68       672   0.05555    0.7862    0.6016    0.2364   0.04394   0.02887         0
    43/119    0.573G   0.04606   0.03416         0   0.01645   0.09666        45       800   0.05574    0.7879    0.6033    0.2368   0.04392   0.02889         0
    44/119     18.3G   0.04637   0.03484         0   0.01634   0.09755         6      1024   0.05691    0.7852    0.6008     0.236   0.04387   0.02886         0
    45/119     23.2G   0.04607   0.03277         0   0.01609   0.09493         6       640   0.05763    0.7887    0.6054    0.2389   0.04367   0.02879         0
    46/119     23.2G   0.04592   0.03418         0   0.01617   0.09627        87      1152   0.05895     0.789    0.6067    0.2377   0.04366   0.02886         0
    47/119     23.2G   0.04634   0.03425         0    0.0162   0.09679        22       512   0.05772    0.7897     0.606    0.2391   0.04372   0.02882         0
    48/119     23.2G   0.04628   0.03497         0   0.01623   0.09748        12       480   0.05811    0.7901    0.6056    0.2391   0.04365   0.02877         0
    49/119     5.89G   0.04573   0.03399         0   0.01603   0.09576        13       800   0.05732    0.7926    0.6073    0.2395   0.04364   0.02883         0
    50/119     5.92G   0.04529   0.03311         0    0.0159    0.0943        27       960    0.0586    0.7914    0.6079    0.2409   0.04364   0.02875         0
    51/119     5.93G    0.0462   0.03381         0   0.01603   0.09605        24       704   0.05664    0.7886    0.6037    0.2386   0.04368   0.02884         0
    52/119       11G   0.04571   0.03372         0   0.01596   0.09539        17       960   0.05765     0.789     0.605    0.2384   0.04367   0.02882         0
    53/119       11G   0.04559   0.03422         0   0.01585   0.09567         6       928    0.0586    0.7905    0.6059    0.2389   0.04353    0.0288         0
    54/119     5.27G   0.04552   0.03365         0   0.01587   0.09504        43      1120   0.05918    0.7906    0.6069    0.2395   0.04353   0.02876         0
    55/119     5.86G   0.04526    0.0342         0   0.01578   0.09524        36       608   0.05965     0.793    0.6106    0.2413   0.04351   0.02875         0
    56/119     5.86G   0.04561   0.03442         0   0.01575   0.09578        53       608    0.0603    0.7925    0.6108    0.2416   0.04355   0.02876         0
    57/119     5.86G   0.04549   0.03499         0   0.01564   0.09612        38       864   0.05972     0.792    0.6111    0.2417   0.04354   0.02879         0
    58/119     5.86G   0.04592   0.03404         0   0.01588   0.09584        24       480   0.06015    0.7926    0.6114    0.2425   0.04341   0.02875         0
    59/119     5.86G   0.04535   0.03458         0   0.01562   0.09555        63       736   0.06017    0.7929    0.6127    0.2431    0.0434   0.02874         0
    60/119     5.25G   0.04536   0.03313         0   0.01572   0.09422        35       768   0.06057    0.7955    0.6148     0.244   0.04338   0.02874         0
    61/119        6G    0.0453   0.03447         0   0.01555   0.09532        26       704   0.05973    0.7945    0.6125    0.2433   0.04335   0.02877         0
    62/119        6G   0.04519   0.03367         0   0.01553   0.09439        33       800   0.06045    0.7948     0.614    0.2435   0.04334   0.02874         0
    63/119        6G   0.04533   0.03451         0   0.01573   0.09557        84       512   0.06095    0.7956    0.6139    0.2438   0.04334   0.02871         0
    64/119        6G   0.04516   0.03413         0   0.01568   0.09498        11       800   0.06079    0.7941    0.6134    0.2434   0.04335    0.0287         0
    65/119        6G   0.04494   0.03369         0   0.01545   0.09407        73       544   0.06093    0.7938    0.6125     0.243   0.04333    0.0287         0
    66/119    0.617G   0.04513   0.03317         0   0.01543   0.09373         2       416    0.0611    0.7932    0.6122    0.2432   0.04333    0.0287         0
    67/119       24G   0.04498    0.0338         0   0.01532   0.09411         4       736   0.06136     0.793    0.6116     0.243   0.04331   0.02869         0
    68/119       24G    0.0445    0.0324         0   0.01534   0.09224        48      1152   0.06185     0.793    0.6116    0.2432   0.04329   0.02868         0
    69/119       24G   0.04537   0.03487         0   0.01528   0.09552        28       576   0.06216     0.793    0.6123    0.2435   0.04328   0.02867         0
    70/119       24G   0.04481   0.03328         0   0.01526   0.09335        26       608   0.06265    0.7935    0.6134    0.2438   0.04326   0.02865         0
    71/119       24G   0.04467    0.0339         0   0.01514   0.09372        37       832   0.06251    0.7941    0.6138     0.244   0.04326   0.02866         0
    72/119       24G   0.04489   0.03391         0   0.01517   0.09397         8       832   0.06273    0.7937    0.6133    0.2441   0.04323   0.02865         0
    73/119       24G   0.04436   0.03278         0   0.01515   0.09229        30      1120   0.06305    0.7937    0.6139    0.2439   0.04322   0.02864         0
    74/119       24G   0.04478   0.03396         0   0.01527   0.09401       265       576   0.06327    0.7936    0.6138    0.2441   0.04322   0.02864         0
    75/119       24G   0.04521   0.03404         0   0.01518   0.09444        17       928   0.06321    0.7933    0.6137    0.2437   0.04321   0.02863         0
    76/119       24G   0.04484   0.03389         0   0.01512   0.09384         7       384   0.06361    0.7939    0.6141    0.2439   0.04319   0.02863         0
    77/119       24G   0.04502   0.03404         0    0.0152   0.09425        14       992   0.06377    0.7937    0.6141    0.2439    0.0432   0.02863         0
    78/119       24G   0.04451   0.03426         0   0.01508   0.09385         3      1152   0.06395    0.7937    0.6144    0.2438   0.04321   0.02862         0
    79/119       24G   0.04478   0.03375         0   0.01497    0.0935        29      1056   0.06414     0.794    0.6144    0.2438    0.0432   0.02863         0
    80/119       24G   0.04433    0.0326         0   0.01494   0.09188         6       960   0.06436    0.7937    0.6146     0.244   0.04318   0.02862         0
    81/119       24G    0.0443   0.03302         0   0.01497   0.09229        20       832    0.0645    0.7936    0.6146    0.2443   0.04317   0.02862         0
    82/119       24G   0.04496   0.03448         0   0.01501   0.09446        15       480   0.06462    0.7933    0.6144    0.2447   0.04316   0.02861         0
    83/119       24G   0.04423   0.03186         0   0.01487   0.09096         9       768   0.06482    0.7932    0.6142    0.2448   0.04315   0.02861         0
    84/119       24G   0.04378   0.03254         0   0.01486   0.09119        33       640   0.06506    0.7936     0.615    0.2449   0.04314    0.0286         0
    85/119       24G   0.04436   0.03285         0   0.01469    0.0919        17       768   0.06528    0.7939    0.6156    0.2451   0.04314    0.0286         0
    86/119       24G   0.04396   0.03272         0   0.01478   0.09145        14      1088   0.06542    0.7939    0.6154    0.2451   0.04314    0.0286         0
    87/119       24G   0.04425   0.03378         0   0.01475   0.09277        27       832    0.0655    0.7941    0.6152    0.2451   0.04313   0.02859         0
    88/119       24G   0.04453    0.0327         0    0.0148   0.09202        23       416   0.06548    0.7942    0.6151    0.2452   0.04313    0.0286         0
    89/119       24G   0.04403   0.03334         0   0.01466   0.09203        19      1152   0.06564    0.7939    0.6152    0.2453   0.04313   0.02859         0
    90/119       24G   0.04377   0.03322         0   0.01495   0.09195         7       768   0.06579    0.7947     0.616    0.2454   0.04313   0.02859         0
    91/119       24G   0.04366   0.03212         0   0.01471   0.09049        51       480   0.06585    0.7944    0.6158    0.2455   0.04312   0.02858         0
    92/119       24G   0.04385   0.03232         0   0.01475   0.09092        31       480   0.06589    0.7944    0.6159    0.2455   0.04311   0.02859         0
    93/119       24G   0.04421   0.03266         0   0.01463    0.0915        33       800   0.06606    0.7948    0.6164    0.2457   0.04311   0.02858         0
    94/119       24G   0.04439   0.03262         0    0.0146   0.09161         8       992   0.06618    0.7949    0.6165    0.2459    0.0431   0.02858         0
    95/119       24G    0.0438   0.03191         0   0.01452   0.09023         8       864   0.06625    0.7948    0.6168    0.2459   0.04309   0.02857         0
    96/119       24G   0.04418   0.03374         0    0.0145   0.09242        71       928   0.06634     0.795    0.6169    0.2459   0.04309   0.02858         0
    97/119       24G   0.04422   0.03301         0   0.01449   0.09172        23       768    0.0665    0.7949    0.6171     0.246   0.04308   0.02857         0
    98/119       24G   0.04377   0.03209         0   0.01454    0.0904        53       640   0.06667    0.7949    0.6171    0.2461   0.04308   0.02857         0
    99/119       24G   0.04402   0.03263         0   0.01446   0.09111         2       960   0.06682     0.795    0.6173    0.2463   0.04307   0.02857         0
   100/119     2.62G   0.04366   0.03281         0    0.0143   0.09076        14      1216   0.06696     0.795    0.6176    0.2463   0.04307   0.02857         0
   101/119     24.3G   0.04393   0.03224         0   0.01432   0.09049       133       832   0.06711    0.7951    0.6177    0.2462   0.04307   0.02857         0
   102/119     24.3G   0.04359   0.03175         0   0.01426    0.0896        34       416    0.0672     0.795    0.6177    0.2462   0.04307   0.02857         0
   103/119     24.3G   0.04341   0.03186         0   0.01426   0.08954        42       736   0.06737    0.7949    0.6175    0.2461   0.04306   0.02857         0
   104/119     24.3G   0.04349   0.03132         0   0.01438   0.08918        23       864   0.06752    0.7947    0.6175    0.2461   0.04306   0.02856         0
   105/119     24.3G   0.04367   0.03305         0   0.01439    0.0911        29       832   0.06767    0.7945    0.6177    0.2461   0.04305   0.02857         0
   106/119     24.3G   0.04388    0.0329         0   0.01434   0.09112         6       544   0.06778    0.7946    0.6177     0.246   0.04305   0.02856         0
   107/119     24.3G   0.04342   0.03333         0   0.01435    0.0911        24       928   0.06788    0.7949    0.6184    0.2463   0.04304   0.02856         0
   108/119     24.3G   0.04398   0.03401         0   0.01434   0.09233         4       640   0.06801     0.795    0.6183    0.2463   0.04304   0.02856         0
   109/119     24.3G   0.04339   0.03302         0   0.01424   0.09065        23       480   0.06811    0.7948    0.6183    0.2463   0.04304   0.02856         0
   110/119     24.3G   0.04286   0.03181         0   0.01414   0.08882         3       576   0.06824    0.7949    0.6183    0.2462   0.04304   0.02855         0
   111/119     24.3G   0.04302   0.03153         0   0.01419   0.08874        52      1120   0.06833    0.7946    0.6183    0.2464   0.04303   0.02855         0
   112/119     24.3G   0.04296   0.03171         0   0.01408   0.08874        37       416   0.06844    0.7947    0.6184    0.2464   0.04301   0.02854         0
   113/119     24.3G   0.04308   0.03144         0   0.01416   0.08867        16       544   0.06861    0.7949    0.6187    0.2458   0.04301   0.02854         0
   114/119     24.3G   0.04343   0.03213         0   0.01418   0.08974        14      1088   0.06868    0.7949    0.6188    0.2458     0.043   0.02854         0
   115/119     24.3G   0.04306   0.03273         0   0.01414   0.08993        69      1056    0.0688    0.7947    0.6185    0.2467     0.043   0.02853         0
   116/119     24.3G   0.04314   0.03215         0   0.01407   0.08936         5       928   0.06894    0.7949    0.6186    0.2468   0.04299   0.02853         0
   117/119     24.3G   0.04311   0.03236         0    0.0142   0.08966        32       768   0.06901    0.7951    0.6191    0.2462   0.04298   0.02853         0
   118/119     24.3G   0.04322   0.03227         0   0.01429   0.08978        21       992   0.06911    0.7952     0.619    0.2461   0.04297   0.02853         0
    21/119     6.73G   0.04531   0.03267         0  0.008158   0.08613        13       512   0.05569    0.7785    0.5902    0.2316   0.04443   0.02918         0
    22/119     5.01G   0.04621   0.03431         0  0.008277    0.0888       143       736   0.05349    0.7852    0.5943    0.2359   0.04426   0.02906         0
    23/119    0.292G   0.04637     0.035         0  0.008224   0.08959         6       576    0.0541    0.7834    0.5957    0.2356   0.04417    0.0289         0
    24/119     5.91G   0.04607   0.03455         0   0.00815   0.08878         9       704    0.0539    0.7911    0.6004     0.239   0.04422   0.02921         0
    25/119     1.63G   0.04594   0.03374         0  0.008163   0.08784        22      1024   0.05241    0.7885    0.5994     0.234   0.04447   0.02916         0
    26/119     24.4G   0.04576   0.03425         0  0.008232   0.08824         6       480   0.05299    0.7798     0.594    0.2363   0.04391    0.0288         0
    27/119     24.4G   0.04573   0.03417         0  0.008213   0.08811         9       480   0.05894    0.7901    0.6084    0.2399   0.04383   0.02893         0
    28/119      1.5G   0.04589   0.03514         0  0.008205   0.08924        71      1088   0.05682    0.7885    0.6034    0.2389    0.0441   0.02884         0
    29/119     24.6G   0.04615   0.03431         0  0.008145    0.0886        19       608   0.05656    0.7874    0.6008    0.2368   0.04404   0.02901         0
    30/119     24.6G   0.04555   0.03425         0  0.008136   0.08794        19       960   0.05895    0.7866     0.603    0.2386   0.04385   0.02898         0
    31/119     24.6G   0.04614   0.03412         0  0.008218   0.08847        43       832   0.05958    0.7898    0.6061    0.2385   0.04369   0.02898         0
    32/119     24.6G   0.04514   0.03285         0  0.008141   0.08613         7      1056   0.05954    0.7896    0.6087    0.2418   0.04358   0.02872         0
    33/119     24.6G   0.04547   0.03377         0  0.008063   0.08731        31       992   0.06096    0.7907    0.6097    0.2418   0.04366    0.0288         0
    34/119     24.6G   0.04576   0.03449         0  0.008175   0.08843        15       544   0.05867     0.787    0.5976    0.2358   0.04371     0.029         0
    35/119     24.6G   0.04516   0.03337         0  0.008116   0.08665       105      1056   0.05999    0.7817    0.5932    0.2335   0.04373    0.0288         0
    36/119     7.83G   0.04572   0.03499         0  0.008062   0.08878       470       960   0.06162      0.79    0.6073    0.2409   0.04349   0.02881         0
    37/119     2.63G   0.04536    0.0337         0  0.008039   0.08709        19      1184   0.06076    0.7871    0.6046    0.2403   0.04354   0.02879         0
    38/119     2.64G   0.04521   0.03339         0  0.008109   0.08671        16       928    0.0595    0.7846    0.5971    0.2344   0.04366    0.0289         0
    39/119      7.9G   0.04578   0.03504         0  0.008041   0.08886        33      1056   0.06132    0.7915    0.6115    0.2424   0.04347   0.02876         0
    40/119     12.4G   0.04478   0.03299         0  0.008017   0.08579         3      1024    0.0613    0.7856    0.6042      0.24   0.04352   0.02882         0
    41/119     2.58G    0.0452   0.03331         0  0.008071   0.08658         5       672   0.06195    0.7908    0.6097    0.2405   0.04342   0.02886         0
    42/119     20.5G   0.04528   0.03449         0  0.008018   0.08778        68       672   0.06165    0.7884    0.6077     0.241   0.04338   0.02871         0
    43/119      2.8G   0.04526   0.03361         0   0.00812   0.08699        45       800   0.06126    0.7915    0.6082    0.2409   0.04339   0.02881         0
    44/119     19.6G    0.0457   0.03443         0  0.008104   0.08824         6      1024   0.06185      0.79    0.6088    0.2411   0.04334   0.02881         0
    45/119     19.6G   0.04525   0.03225         0  0.007955   0.08546         6       640   0.06251    0.7927     0.612     0.244   0.04327    0.0287         0
    46/119     19.6G   0.04519   0.03368         0  0.008007   0.08687        87      1152    0.0642    0.7941    0.6132    0.2428   0.04317   0.02878         0
    47/119     19.6G   0.04561   0.03377         0  0.008045   0.08743        22       512   0.06421    0.7932    0.6142     0.244   0.04321   0.02871         0
    48/119     19.6G   0.04554   0.03449         0  0.008021   0.08805        12       480   0.06265    0.7933    0.6121    0.2436    0.0431   0.02869         0
    49/119     19.6G   0.04495   0.03347         0  0.007959   0.08637        13       800   0.06298    0.7939     0.614    0.2446   0.04314   0.02871         0
    50/119     19.6G   0.04461    0.0326         0  0.007902   0.08512        27       960   0.06471    0.7934    0.6138    0.2453   0.04308   0.02865         0
    51/119     19.6G   0.04545   0.03325         0  0.007978   0.08668        24       704   0.06365    0.7925    0.6116    0.2441   0.04311   0.02869         0
    52/119     19.6G   0.04494   0.03327         0  0.007938   0.08615        17       960   0.06369    0.7933    0.6128    0.2442   0.04312    0.0287         0
    53/119     19.6G   0.04484   0.03377         0  0.007901   0.08651         6       928   0.06458    0.7935    0.6116     0.244   0.04309    0.0287         0
    54/119     5.13G   0.04478   0.03318         0  0.007913   0.08587        43      1120   0.06435    0.7934    0.6108    0.2436   0.04306   0.02872         0
    55/119     23.2G   0.04451   0.03375         0  0.007878   0.08614        36       608   0.06512    0.7949    0.6148    0.2458   0.04295   0.02869         0
    56/119     23.2G   0.04494   0.03403         0  0.007875   0.08684        53       608   0.06523    0.7955    0.6162    0.2466   0.04299   0.02868         0
    57/119     23.2G   0.04478   0.03449         0  0.007815   0.08708        38       864     0.065    0.7948    0.6153    0.2463   0.04299   0.02869         0
    58/119     23.2G   0.04527   0.03366         0  0.007987   0.08692        24       480   0.06471    0.7958     0.616    0.2466   0.04296   0.02866         0
    59/119     23.2G   0.04464   0.03414         0  0.007817   0.08661        63       736   0.06449    0.7969    0.6176    0.2476   0.04298   0.02865         0
    60/119      2.6G   0.04468   0.03262         0   0.00789   0.08519        35       768   0.06528    0.7981    0.6201    0.2483   0.04297   0.02866         0
    61/119     20.4G   0.04455   0.03386         0  0.007768   0.08618        26       704     0.065    0.7972    0.6176    0.2479   0.04294   0.02867         0
    62/119     24.8G   0.04466   0.03348         0  0.007818   0.08595        33       800   0.06336     0.798    0.6143    0.2464   0.04296   0.02877         0
    63/119     12.3G   0.04472   0.03424         0  0.007904   0.08685        84       512   0.06339    0.7974    0.6126    0.2459   0.04295    0.0288         0
    64/119     17.7G   0.04443    0.0337         0  0.007862   0.08599        11       800   0.06384    0.7979    0.6143    0.2464   0.04292   0.02875         0
    65/119     17.7G   0.04423   0.03322         0  0.007758   0.08521        73       544   0.06436    0.7969    0.6143    0.2466    0.0429   0.02872         0
    66/119    0.266G   0.04446   0.03274         0  0.007773   0.08497         2       416   0.06496    0.7963    0.6139    0.2461   0.04291   0.02871         0
    67/119     6.18G   0.04429   0.03332         0  0.007716   0.08533         4       736    0.0656    0.7961    0.6141    0.2466   0.04289   0.02869         0
    68/119     6.18G   0.04387   0.03203         0  0.007738   0.08364        48      1152   0.06595    0.7962    0.6153    0.2468   0.04286   0.02868         0
    69/119      6.2G   0.04472   0.03448         0  0.007711   0.08691        28       576   0.06651     0.797    0.6158    0.2467   0.04284   0.02867         0
    70/119      6.2G   0.04412   0.03282         0  0.007682   0.08463        26       608   0.06711    0.7982    0.6174    0.2472   0.04283   0.02864         0
    71/119      6.2G     0.044   0.03346         0  0.007637    0.0851        37       832   0.06718    0.7973    0.6173    0.2474   0.04282   0.02863         0
    72/119      6.2G   0.04422   0.03345         0  0.007652   0.08533         8       832   0.06757    0.7977    0.6177    0.2475   0.04279   0.02862         0
    73/119      6.2G   0.04369   0.03238         0   0.00766   0.08373        30      1120   0.06781     0.797    0.6172    0.2476   0.04278   0.02861         0
    74/119      6.2G    0.0441   0.03351         0  0.007696   0.08531       265       576   0.06802    0.7965    0.6168    0.2474   0.04276   0.02861         0
    75/119     6.21G   0.04454   0.03356         0  0.007677   0.08578        17       928   0.06829    0.7964     0.617    0.2475   0.04276    0.0286         0
    76/119     6.21G   0.04422    0.0335         0  0.007654   0.08537         7       384   0.06848    0.7957     0.617    0.2479   0.04273    0.0286         0
    77/119     6.22G   0.04437   0.03359         0   0.00769   0.08565        14       992   0.06882    0.7956     0.617    0.2478   0.04273   0.02859         0
    78/119     6.22G   0.04388   0.03385         0  0.007638   0.08536         3      1152   0.06911    0.7956    0.6172    0.2476   0.04273   0.02858         0
    79/119     6.22G   0.04411   0.03328         0  0.007569   0.08496        29      1056   0.06938    0.7959    0.6175    0.2477   0.04271   0.02858         0
    80/119     6.22G    0.0437   0.03219         0  0.007589   0.08348         6       960   0.06964    0.7964     0.618    0.2479   0.04269   0.02858         0
    81/119     6.22G   0.04365   0.03257         0  0.007588    0.0838        20       832   0.06972     0.796    0.6179    0.2481   0.04268   0.02858         0
    82/119     6.22G   0.04426   0.03404         0   0.00761   0.08591        15       480   0.06993    0.7956    0.6179    0.2483   0.04267   0.02857         0
    83/119     6.22G   0.04356   0.03142         0  0.007549   0.08253         9       768   0.07007    0.7957    0.6179    0.2485   0.04267   0.02856         0
    84/119     6.22G   0.04315   0.03214         0  0.007536   0.08282        33       640   0.07032    0.7963    0.6188    0.2488   0.04264   0.02855         0
    85/119     6.22G    0.0437   0.03241         0  0.007467   0.08358        17       768   0.07054    0.7964    0.6189    0.2489   0.04264   0.02855         0
    86/119     6.22G   0.04329   0.03228         0  0.007498   0.08306        14      1088   0.07079     0.797    0.6193    0.2489   0.04263   0.02855         0
    87/119     6.22G    0.0436    0.0333         0  0.007482   0.08438        27       832   0.07092    0.7971    0.6194    0.2492   0.04262   0.02855         0
    88/119     6.22G   0.04384   0.03222         0  0.007508   0.08358        23       416   0.07105    0.7971    0.6193    0.2496   0.04261   0.02855         0
    89/119     6.22G   0.04342   0.03294         0  0.007461   0.08382        19      1152   0.07114    0.7973    0.6193    0.2496    0.0426   0.02855         0
    90/119     6.22G   0.04301   0.03271         0  0.007524   0.08325         7       768   0.07119    0.7973    0.6195    0.2497    0.0426   0.02854         0
    91/119     6.22G   0.04301   0.03167         0  0.007479   0.08216        51       480    0.0712     0.797    0.6194    0.2497   0.04259   0.02855         0
    92/119     6.22G    0.0432   0.03189         0  0.007504    0.0826        31       480   0.07138    0.7973    0.6196    0.2497   0.04258   0.02854         0
    93/119     6.22G   0.04362   0.03233         0  0.007445   0.08339        33       800   0.07146    0.7971    0.6196    0.2498   0.04257   0.02854         0
    94/119     6.22G    0.0438   0.03225         0  0.007462   0.08352         8       992   0.07152    0.7974    0.6199    0.2498   0.04256   0.02854         0
    95/119     6.22G   0.04319   0.03153         0  0.007415   0.08213         8       864   0.07166    0.7975      0.62    0.2498   0.04255   0.02854         0
    96/119     6.22G   0.04353   0.03333         0  0.007384   0.08425        71       928   0.07184    0.7976    0.6201    0.2499   0.04254   0.02854         0
    97/119     6.22G   0.04358   0.03256         0  0.007374   0.08351        23       768   0.07194    0.7973    0.6201      0.25   0.04254   0.02854         0
    98/119     6.22G   0.04316   0.03162         0  0.007422   0.08221        53       640   0.07213    0.7976    0.6206      0.25   0.04253   0.02854         0
    99/119     6.22G   0.04333   0.03219         0  0.007377    0.0829         2       960   0.07226    0.7976    0.6205    0.2501   0.04253   0.02854         0
   100/119     5.12G   0.04304   0.03236         0  0.007303   0.08271        14      1216   0.07244    0.7978    0.6207    0.2501   0.04252   0.02853         0
   101/119     5.98G   0.04329    0.0318         0  0.007309    0.0824       133       832   0.07254    0.7976    0.6206    0.2501   0.04251   0.02853         0
   102/119     5.98G   0.04297   0.03134         0  0.007282   0.08159        34       416   0.07267    0.7974    0.6203    0.2501   0.04251   0.02853         0
   103/119     5.98G    0.0428   0.03144         0  0.007297   0.08154        42       736    0.0729    0.7973    0.6205    0.2501    0.0425   0.02854         0
   104/119     5.99G   0.04286   0.03085         0  0.007351   0.08107        23       864   0.07304    0.7975    0.6207      0.25   0.04249   0.02854         0
   105/119     5.99G   0.04304   0.03258         0  0.007356   0.08297        29       832   0.07325    0.7975    0.6208    0.2501   0.04249   0.02853         0
   106/119     5.99G   0.04329   0.03253         0  0.007326   0.08314         6       544   0.07334    0.7976    0.6206    0.2501   0.04248   0.02853         0
   107/119        6G    0.0428   0.03288         0  0.007332   0.08301        24       928   0.07352    0.7978    0.6208    0.2502   0.04247   0.02854         0
   108/119        6G   0.04334   0.03359         0  0.007322   0.08425         4       640   0.07365    0.7975     0.621    0.2502   0.04246   0.02853         0
   109/119        6G   0.04278   0.03261         0   0.00729   0.08268        23       480   0.07384    0.7979    0.6212    0.2502   0.04246   0.02853         0
   110/119        6G   0.04225   0.03143         0  0.007224    0.0809         3       576   0.07397    0.7977    0.6212    0.2503   0.04245   0.02853         0
   111/119        6G   0.04242   0.03115         0  0.007267   0.08083        52      1120   0.07403    0.7975     0.621    0.2503   0.04245   0.02853         0
   112/119        6G   0.04233   0.03132         0   0.00721   0.08087        37       416   0.07424    0.7978    0.6214    0.2505   0.04244   0.02853         0
   113/119        6G   0.04246   0.03102         0   0.00725   0.08073        16       544   0.07437    0.7978    0.6216    0.2505   0.04244   0.02853         0
   114/119        6G   0.04278   0.03174         0  0.007255   0.08177        14      1088   0.07445    0.7975    0.6215    0.2505   0.04243   0.02852         0
   115/119        6G   0.04246   0.03238         0  0.007232   0.08207        69      1056   0.07465    0.7978    0.6217    0.2504   0.04242   0.02852         0
   116/119        6G   0.04252   0.03175         0  0.007212   0.08148         5       928    0.0748    0.7977    0.6216    0.2505   0.04241   0.02852         0
   117/119        6G   0.04248   0.03193         0  0.007252   0.08166        32       768   0.07489    0.7978    0.6219    0.2506    0.0424   0.02852         0
   118/119     6.01G   0.04261   0.03186         0  0.007311   0.08178        21       992   0.07497    0.7975    0.6216    0.2506    0.0424   0.02852         0
